nan
0.159999466668
0.124999671876
0.159999466668
0.124999671876
0.117072879477
0.116666384723
0.131645273002
0.127058539516
0.126530333362
0.128155058611
0.159999466668
0.124999671876
0.117072879477
0.116666384723
0.131645273002
0.127058539516
0.126530333362
0.128155058611
0.121008141008
0.135172124804
0.136645672467
0.128735359916
0.131914615754
0.130569673517
0.12857115831
0.127362916681
0.112604807345
0.114753859447
0.112547294864
0.117314244713
0.117482274302
0.116666425232
0.115789234488
0.116825155758
0.116049143454
0.114782372477
0.599995466701
0.48782353887
0.485104561406
0.489026507708
0.458176310362
0.439550380027
0.443238127649
0.599995466701
0.48782353887
0.485104561406
0.489026507708
0.458176310362
0.439550380027
0.443238127649
0.44038810769
0.481403151733
0.488469888041
0.490785146527
0.496354557878
0.496695467729
0.508456184068
0.510420385826
0.513646531143
0.51412904936
0.515072068645
0.515794184715
0.518379827019
0.517172839265
0.514397068146
0.512989127881
0.513101299872
0.511956639496
0.515681890044
0.599995466701
0.48782353887
0.485104561406
0.489026507708
0.458176310362
0.439550380027
0.443238127649
0.44038810769
0.481403151733
0.488469888041
0.490785146527
0.496354557878
0.496695467729
0.508456184068
0.510420385826
0.513646531143
0.51412904936
0.515072068645
0.515794184715
0.518379827019
0.517172839265
0.514397068146
0.512989127881
0.513101299872
0.511956639496
0.515681890044
0.599995466701
0.48782353887
0.485104561406
0.489026507708
0.458176310362
0.439550380027
0.443238127649
0.44038810769
0.481403151733
0.488469888041
0.490785146527
0.496354557878
0.496695467729
0.508456184068
0.510420385826
0.513646531143
0.51412904936
0.515072068645
0.515794184715
0.518379827019
0.517172839265
0.514397068146
0.512989127881
0.513101299872
0.511956639496
0.515681890044
0.599995466701
0.999994733357
0.999995600017
0.999995734937
0.999996434199
0.999996662299
0.999996728675
0.999996799251
0.999997233592
0.999997248331
0.999997277784
0.999997387322
0.99999741875
0.999997448108
0.999997466871
0.999997494902
0.999997628433
0.999997629712
0.99999766889
0.999997673888
0.999997678937
0.999997687218
0.999997704113
0.999997710654
0.999997720252
0.999997730527
0.599995466701
0.999994733357
0.999995600017
0.999995734937
0.999996434199
0.999996662299
0.999996728675
0.999996799251
0.999997233592
0.999997248331
0.999997277784
0.999997387322
0.99999741875
0.999997448108
0.999997466871
0.999997494902
0.999997628433
0.999997629712
0.99999766889
0.999997673888
0.999997678937
0.999997687218
0.999997704113
0.991175992868
0.991538763398
0.989983437514
0.599995466701
0.999994733357
0.599995466701
0.999994733357
0.999995600017
0.999995734937
0.599995466701
0.599995466701
0.999994733357
0.999995600017
0.999995734937
0.999996434199
0.999996662299
0.999996728675
0.999996799251
0.999997233592
0.999997248331
0.999997277784
nan
0.599995466701
0.999994733357
0.999995600017
0.0333332574076
0.151270955301
0.59999846667
0.999997673338
0.999997760005
0.999997773497
0.999997843423
0.999997866233
0.999997872871
0.999997879929
0.999997923363
0.999997924837
0.999997927782
0.999997938736
0.999997941879
0.999997944814
0.999997946691
0.999997949494
0.999997962847
0.999997962975
0.999997966893
0.999997967392
0.999997967897
0.999997968725
0.999997970415
0.999997971069
0.999997972029
0.999997973056
0.59999846667
0.999997673338
0.999997760005
0.999997773497
0.999997843423
0.999997866233
0.999997872871
0.999997879929
0.999997923363
0.999997924837
0.999997927782
0.999997938736
0.999997941879
0.999997944814
0.999997946691
0.999997949494
0.999997962847
0.999997962975
0.999997966893
0.999997967392
0.999997967897
0.999997968725
0.999997970415
0.999997971069
0.999997972029
0.999997973056
0.159999658667
0.124999742188
0.117072930875
0.116666428473
0.131645302997
0.127058566423
0.126530356602
0.128155081007
0.121008159311
0.135172141584
0.159999658667
0.124999742188
0.117072930875
0.116666428473
0.131645302997
0.127058566423
0.126530356602
0.128155081007
0.121008159311
0.59999846667
0.999997673338
0.999997760005
0.999997773497
0.999997843423
0.999997866233
0.999997872871
0.999997879929
0.159999658667
0.124999742188
0.117072930875
0.116666428473
0.131645302997
0.127058566423
0.126530356602
0.128155081007
0.121008159311
0.135172141584
0.136645687744
0.128735373233
0.131914628384
0.130569685694
0.128571170117
0.127362928086
0.112604815861
0.159999658667
0.59999846667
0.999997673338
0.999997760005
0.999997773497
0.999997843423
0.999997866233
0.999997872871
0.999997879929
0.999997923363
0.999997924837
0.999997927782
0.999997938736
0.999997941879
0.999997944814
0.999997946691
0.999997949494
0.999997962847
0.999997962975
0.999997966893
0.999997967392
0.999997967897
0.999997968725
0.999997970415
0.999997971069
0.999997972029
0.999997973056
0.59999846667
0.999997673338
0.999997760005
0.999997773497
0.999997843423
0.999997866233
0.999997872871
0.999997879929
0.999997923363
0.999997924837
0.999997927782
0.999997938736
0.999997941879
0.999997944814
0.999997946691
0.999997949494
0.999997962847
0.999997962975
0.999997966893
0.999997967392
0.999997967897
0.999997968725
0.999997970415
0.999997971069
0.999997972029
0.999997973056
0.159999658667
0.159999658667
0.159999658667
0.124999742188
0.59999846667
0.999997673338
0.999997760005
0.999997773497
0.999997843423
0.999997866233
0.999997872871
0.999997879929
0.999997923363
0.999997924837
0.999997927782
0.999997938736
0.999997941879
0.999997944814
0.999997946691
0.999997949494
0.999997962847
0.999997962975
0.999997966893
0.999997967392
0.999997967897
0.999997968725
0.999997970415
0.999997971069
0.999997972029
0.999997973056
0.588240340232
0.993991410238
0.994153804821
0.994270048593
0.996272639683
0.997124314095
0.997171576023
0.997190926472
0.998609110039
0.998682325836
0.998704465743
0.998910062183
0.999067312128
0.999214249968
0.999251049461
0.999315491611
0.999478513207
0.999484888401
0.99952964236
0.999544252638
0.999545683407
0.999545684235
0.999561839536
0.999566767839
0.999569075508
0.99959399452
0.0307691597635
0.21858670219
0.217754797917
0.184183279365
0.187009638737
0.189309935957
0.182142060611
0.180901239024
0.115918774649
0.112284853028
0.117932935965
0.122908103719
0.164838326087
0.163561180568
0.159982707454
0.155700939705
0.151390964632
0.1635685838
0.164450656014
0.164959071137
0.164716013578
0.164526987776
0.164612309939
0.16600118176
0.166903833533
0.165421269416
0.435816920437
0.284005773391
0.225348526753
nan
nan
0.069565072212
nan
1.0
1.0
1.0
1.0
1.0
nan
nan
